1258784
445691225
1521321168
1114228007
1653931099
2117033180
779104173
400015472
1614347429
2119456200
719728668
403650002
451542349
2124907995
1123004693
1485569517
2130198209
526561800
1493504838
161792047
1612206604
688379240
1790259253
404518207
983596404
1052468480
847343953
950652067
1716707099
1871669270
873268173
31969607
1755593429
493645580
931597668
112417717
769345849
614317745
1599709943
1367167787
697772439
348959205
1492349828
969129977
1610474089
1899386135
713918658
1147286727
442827334
19137615
36190348
474397592
1573718514
83545735
1732527118
571009772
1970740024
228464005
180575738
788387177
1790296599
1628271935
983652423
740615427
1921169804
1556614310
106220408
1706870812
1678763604
1932255565
1890094753
1196590872
1133349654
1166835655
1071973828
48461007
979910089
518382680
1915556303
149523367
1171541979
669976220
55520493
376913677
528971909
1011061685
1239149033
1962283697
156931074
1241633070
1754829603
1234398952
930451929
1223547775
1841369063
133529187
1060261119
645984950
2036082848
340926772
